303566403 27078524
306445007 303566403
306445007 27078524
28719244 48485771
306445007 28719244
306445007 48485771
164686885 7860742
306445007 164686885
306445007 7860742
272521291 151711230
306445007 272521291
306445007 151711230
5442012 470500538
306445007 5442012
306445007 470500538
151711230 15853668
306445007 151711230
306445007 15853668
324061899 159223855
306445007 324061899
306445007 159223855
347508389 232297398
306445007 347508389
306445007 232297398
69660246 97671322
306445007 69660246
306445007 97671322
356453014 393242944
306445007 356453014
306445007 393242944
41478100 61661424
306445007 41478100
306445007 61661424
282733465 20935355
306445007 282733465
306445007 20935355
48621884 7860742
306445007 48621884
306445007 7860742
198876913 16577804
306445007 198876913
306445007 16577804
153449917 62609430
306445007 153449917
306445007 62609430
99885625 177002366
306445007 99885625
306445007 177002366
282247392 418351996
306445007 282247392
306445007 418351996
15653423 172251288
306445007 15653423
306445007 172251288
99885625 418351996
306445007 99885625
306445007 418351996
198876913 421848829
306445007 198876913
306445007 421848829
355637036 356453014
306445007 355637036
306445007 356453014
37444945 144040563
306445007 37444945
306445007 144040563
287864860 198876913
306445007 287864860
306445007 198876913
17803303 347412328
306445007 17803303
306445007 347412328
317482255 19772426
306445007 317482255
306445007 19772426
286002327 5442012
306445007 286002327
306445007 5442012
24942585 316264827
306445007 24942585
306445007 316264827
99885625 347412328
306445007 99885625
306445007 347412328
77896109 97225858
306445007 77896109
306445007 97225858
316264827 16577804
306445007 316264827
306445007 16577804
309689866 200212364
306445007 309689866
306445007 200212364
99885625 19849160
306445007 99885625
306445007 19849160
75914648 195795250
306445007 75914648
306445007 195795250
52559331 393242944
306445007 52559331
306445007 393242944
324061899 316264827
306445007 324061899
306445007 316264827
5442012 48621884